[1,1,1,-1284727764113567728281797636015784768866707681415849262157224232063,560368321454261339256859338901915312332769858684945406858043869199456710681989058863306170127006181]
[1,0,0,-500155818938812672789174015511502418542914025471083342999327356190,135726649501359436415916160439700483690089900096812327554427167585750287637491352376425892437884100]
[1,-1,0,-31345484910176375196540418777187943071895696555975520575563754,66974244086367930138572439137439687631297215201959427754054664641394923903641564905062093028]
[1,0,1,-367647057132661536131605961085494446124192297751927792319003,98299706024123968245526077311124299338038232423912535744363101436934755800391181044000522]
[1,0,0,-68906458325887563494253912743860596601427440743924636890868535,219726256542658179767501421714589587209898779390156657938983977041099527263435646417385213097]
[1,0,0,-890388688605835123536218905979825104833945491596640055500,10383942932786635402481776305650782666752061853846503229365337279722917845189552250000]
[1,0,0,-11164664418280499372340781211856561720993310743403866094775,452347706083137132420429396490299265309643996076020970449633416838423618553239978675625]
[1,0,0,-1322551785398487139025836657336851201005130805938072030859332427256,554523175636064067020051837648138504981185208833595836423403320180559080489913613598985487888822336]
[1,0,0,-46538582067849420177295619802498366364593586948210230000088332133930,122020162104048395110524763896188225683232675891947197925364672457083229997908236521974767041655897252]
[1,-1,1,-9526711476845901608280382793633750919674617782992759276238362125085687,463206907181874406177037011231363730963974319416722261144137263207860246343963112239868204998888573429711]
[1,-1,1,-82836057443790943042116289417351290235862297467097252984667,10696452582629970322564365905835258421863312229899500227353576404194467503993863279559691]
[1,0,0,-421406774965967963069585603310038116733186236957137864114786695,3329896781397420269474143720108844845817406288637117577630017209595524115341966347568817100937]
[0,1,0,-396137825789612441729444338863306159122947430920364402299145,95705220291190208635265425188435811796057620477342353004222218733371462610166936602328475]
[1,1,1,-4362362153060584207614231549318410819022525030515538724235860,3512038234266144362533916241901734617982932157407905278925467439474016818118945979916226837]
[1,0,0,-39404268000900982457292816039978170606307632627450684342785,2997223020358184102418272927836805009460400569254235987488402348399480349577137103225097]

[1,0,0,-201769035260418549083594900060734240952308696994802735114305555,1151107939141058565733479426024323225135665982951300586808823640527729578307228357301072889377]
[1,0,0,-12892599774455576272301592959047823530919513428112484011550,560755046348395412977088824999503890617558856687636981223935662848386484980312656296132]
[0,1,0,-1403690649658805063822079426565364532330941688777465,20330956262404043956056670578860396389806578729906895240267998011765438043400]
[1,0,0,-409814159690250367299180863217962628472973392587261030,101046273555389793109464401287072761874361882945160895394109386177847129246684900]
[1,0,0,-27006183241630922218434652145297453784768054621836357954737385,55258058551342376475736699591118191821521067032535079608372404779149413277716173425636721497]
[1,-1,1,-20067762415575526585033208209338542750930230312178956502,34481611795030556467032985690390720374855944359319180361266008296291939448732243429]
[1,0,0,-55671146865244401916117773020296610079754015500970,161981895322788558220906653027519611838007321625214218991719656790551905956] 
[1,0,0,-271568164801421919805097494520335727505515190,1673523352045742769296938739782713519216640490554763586630258973092]
[1,0,0,-1222583105876029916237789137035775062690200,523967447200209449943328506898413682821590945806099349816040000]
[1,0,1,-120039822036992245303534619191166796374,504224992484910670010801799168082726759443756222911415116] 




















